run_id:            0
total energy :     0.0 
22.842592    22.842592   22.842592
1	  0.00000000	  0.00000000	  0.00000000
1	  1.42766200	  1.42766200	  1.42766200
1	  2.85532400	  0.00000000	  0.00000000
1	  4.28298600	  1.42766200	  1.42766200
1	  5.71064800	  0.00000000	  0.00000000
1	  7.13831000	  1.42766200	  1.42766200
1	  8.56597200	  0.00000000	  0.00000000
1	  9.99363400	  1.42766200	  1.42766200
1	 11.42129600	  0.00000000	  0.00000000
1	 12.84895800	  1.42766200	  1.42766200
1	 14.27662000	  0.00000000	  0.00000000
1	 15.70428200	  1.42766200	  1.42766200
1	 17.13194400	  0.00000000	  0.00000000
1	 18.55960600	  1.42766200	  1.42766200
1	 19.98726800	  0.00000000	  0.00000000
1	 21.41493000	  1.42766200	  1.42766200
1	  0.00000000	  2.85532400	  0.00000000
1	  1.42766200	  4.28298600	  1.42766200
1	  2.85532400	  2.85532400	  0.00000000
1	  4.28298600	  4.28298600	  1.42766200
1	  5.71064800	  2.85532400	  0.00000000
1	  7.13831000	  4.28298600	  1.42766200
1	  8.56597200	  2.85532400	  0.00000000
1	  9.99363400	  4.28298600	  1.42766200
1	 11.42129600	  2.85532400	  0.00000000
1	 12.84895800	  4.28298600	  1.42766200
1	 14.27662000	  2.85532400	  0.00000000
1	 15.70428200	  4.28298600	  1.42766200
1	 17.13194400	  2.85532400	  0.00000000
1	 18.55960600	  4.28298600	  1.42766200
1	 19.98726800	  2.85532400	  0.00000000
1	 21.41493000	  4.28298600	  1.42766200
1	  0.00000000	  5.71064800	  0.00000000
1	  1.42766200	  7.13831000	  1.42766200
1	  2.85532400	  5.71064800	  0.00000000
1	  4.28298600	  7.13831000	  1.42766200
1	  5.71064800	  5.71064800	  0.00000000
1	  7.13831000	  7.13831000	  1.42766200
1	  8.56597200	  5.71064800	  0.00000000
1	  9.99363400	  7.13831000	  1.42766200
1	 11.42129600	  5.71064800	  0.00000000
1	 12.84895800	  7.13831000	  1.42766200
1	 14.27662000	  5.71064800	  0.00000000
1	 15.70428200	  7.13831000	  1.42766200
1	 17.13194400	  5.71064800	  0.00000000
1	 18.55960600	  7.13831000	  1.42766200
1	 19.98726800	  5.71064800	  0.00000000
1	 21.41493000	  7.13831000	  1.42766200
1	  0.00000000	  8.56597200	  0.00000000
1	  1.42766200	  9.99363400	  1.42766200
1	  2.85532400	  8.56597200	  0.00000000
1	  4.28298600	  9.99363400	  1.42766200
1	  5.71064800	  8.56597200	  0.00000000
1	  7.13831000	  9.99363400	  1.42766200
1	  8.56597200	  8.56597200	  0.00000000
1	  9.99363400	  9.99363400	  1.42766200
1	 11.42129600	  8.56597200	  0.00000000
1	 12.84895800	  9.99363400	  1.42766200
1	 14.27662000	  8.56597200	  0.00000000
1	 15.70428200	  9.99363400	  1.42766200
1	 17.13194400	  8.56597200	  0.00000000
1	 18.55960600	  9.99363400	  1.42766200
1	 19.98726800	  8.56597200	  0.00000000
1	 21.41493000	  9.99363400	  1.42766200
1	  0.00000000	 11.42129600	  0.00000000
1	  1.42766200	 12.84895800	  1.42766200
1	  2.85532400	 11.42129600	  0.00000000
1	  4.28298600	 12.84895800	  1.42766200
1	  5.71064800	 11.42129600	  0.00000000
1	  7.13831000	 12.84895800	  1.42766200
1	  8.56597200	 11.42129600	  0.00000000
1	  9.99363400	 12.84895800	  1.42766200
1	 11.42129600	 11.42129600	  0.00000000
1	 12.84895800	 12.84895800	  1.42766200
1	 14.27662000	 11.42129600	  0.00000000
1	 15.70428200	 12.84895800	  1.42766200
1	 17.13194400	 11.42129600	  0.00000000
1	 18.55960600	 12.84895800	  1.42766200
1	 19.98726800	 11.42129600	  0.00000000
1	 21.41493000	 12.84895800	  1.42766200
1	  0.00000000	 14.27662000	  0.00000000
1	  1.42766200	 15.70428200	  1.42766200
1	  2.85532400	 14.27662000	  0.00000000
1	  4.28298600	 15.70428200	  1.42766200
1	  5.71064800	 14.27662000	  0.00000000
1	  7.13831000	 15.70428200	  1.42766200
1	  8.56597200	 14.27662000	  0.00000000
1	  9.99363400	 15.70428200	  1.42766200
1	 11.42129600	 14.27662000	  0.00000000
1	 12.84895800	 15.70428200	  1.42766200
1	 14.27662000	 14.27662000	  0.00000000
1	 15.70428200	 15.70428200	  1.42766200
1	 17.13194400	 14.27662000	  0.00000000
1	 18.55960600	 15.70428200	  1.42766200
1	 19.98726800	 14.27662000	  0.00000000
1	 21.41493000	 15.70428200	  1.42766200
1	  0.00000000	 17.13194400	  0.00000000
1	  1.42766200	 18.55960600	  1.42766200
1	  2.85532400	 17.13194400	  0.00000000
1	  4.28298600	 18.55960600	  1.42766200
1	  5.71064800	 17.13194400	  0.00000000
1	  7.13831000	 18.55960600	  1.42766200
1	  8.56597200	 17.13194400	  0.00000000
1	  9.99363400	 18.55960600	  1.42766200
1	 11.42129600	 17.13194400	  0.00000000
1	 12.84895800	 18.55960600	  1.42766200
1	 14.27662000	 17.13194400	  0.00000000
1	 15.70428200	 18.55960600	  1.42766200
1	 17.13194400	 17.13194400	  0.00000000
1	 18.55960600	 18.55960600	  1.42766200
1	 19.98726800	 17.13194400	  0.00000000
1	 21.41493000	 18.55960600	  1.42766200
1	  0.00000000	 19.98726800	  0.00000000
1	  1.42766200	 21.41493000	  1.42766200
1	  2.85532400	 19.98726800	  0.00000000
1	  4.28298600	 21.41493000	  1.42766200
1	  5.71064800	 19.98726800	  0.00000000
1	  7.13831000	 21.41493000	  1.42766200
1	  8.56597200	 19.98726800	  0.00000000
1	  9.99363400	 21.41493000	  1.42766200
1	 11.42129600	 19.98726800	  0.00000000
1	 12.84895800	 21.41493000	  1.42766200
1	 14.27662000	 19.98726800	  0.00000000
1	 15.70428200	 21.41493000	  1.42766200
1	 17.13194400	 19.98726800	  0.00000000
1	 18.55960600	 21.41493000	  1.42766200
1	 19.98726800	 19.98726800	  0.00000000
1	 21.41493000	 21.41493000	  1.42766200
1	  0.00000000	  0.00000000	  2.85532400
1	  1.42766200	  1.42766200	  4.28298600
1	  2.85532400	  0.00000000	  2.85532400
1	  4.28298600	  1.42766200	  4.28298600
1	  5.71064800	  0.00000000	  2.85532400
1	  7.13831000	  1.42766200	  4.28298600
1	  8.56597200	  0.00000000	  2.85532400
1	  9.99363400	  1.42766200	  4.28298600
1	 11.42129600	  0.00000000	  2.85532400
1	 12.84895800	  1.42766200	  4.28298600
1	 14.27662000	  0.00000000	  2.85532400
1	 15.70428200	  1.42766200	  4.28298600
1	 17.13194400	  0.00000000	  2.85532400
1	 18.55960600	  1.42766200	  4.28298600
1	 19.98726800	  0.00000000	  2.85532400
1	 21.41493000	  1.42766200	  4.28298600
1	  0.00000000	  2.85532400	  2.85532400
1	  1.42766200	  4.28298600	  4.28298600
1	  2.85532400	  2.85532400	  2.85532400
1	  4.28298600	  4.28298600	  4.28298600
1	  5.71064800	  2.85532400	  2.85532400
1	  7.13831000	  4.28298600	  4.28298600
1	  8.56597200	  2.85532400	  2.85532400
1	  9.99363400	  4.28298600	  4.28298600
1	 11.42129600	  2.85532400	  2.85532400
1	 12.84895800	  4.28298600	  4.28298600
1	 14.27662000	  2.85532400	  2.85532400
1	 15.70428200	  4.28298600	  4.28298600
1	 17.13194400	  2.85532400	  2.85532400
1	 18.55960600	  4.28298600	  4.28298600
1	 19.98726800	  2.85532400	  2.85532400
1	 21.41493000	  4.28298600	  4.28298600
1	  0.00000000	  5.71064800	  2.85532400
1	  1.42766200	  7.13831000	  4.28298600
1	  2.85532400	  5.71064800	  2.85532400
1	  4.28298600	  7.13831000	  4.28298600
1	  5.71064800	  5.71064800	  2.85532400
1	  7.13831000	  7.13831000	  4.28298600
1	  8.56597200	  5.71064800	  2.85532400
1	  9.99363400	  7.13831000	  4.28298600
1	 11.42129600	  5.71064800	  2.85532400
1	 12.84895800	  7.13831000	  4.28298600
1	 14.27662000	  5.71064800	  2.85532400
1	 15.70428200	  7.13831000	  4.28298600
1	 17.13194400	  5.71064800	  2.85532400
1	 18.55960600	  7.13831000	  4.28298600
1	 19.98726800	  5.71064800	  2.85532400
1	 21.41493000	  7.13831000	  4.28298600
1	  0.00000000	  8.56597200	  2.85532400
1	  1.42766200	  9.99363400	  4.28298600
1	  2.85532400	  8.56597200	  2.85532400
1	  4.28298600	  9.99363400	  4.28298600
1	  5.71064800	  8.56597200	  2.85532400
1	  7.13831000	  9.99363400	  4.28298600
1	  8.56597200	  8.56597200	  2.85532400
1	  9.99363400	  9.99363400	  4.28298600
1	 11.42129600	  8.56597200	  2.85532400
1	 12.84895800	  9.99363400	  4.28298600
1	 14.27662000	  8.56597200	  2.85532400
1	 15.70428200	  9.99363400	  4.28298600
1	 17.13194400	  8.56597200	  2.85532400
1	 18.55960600	  9.99363400	  4.28298600
1	 19.98726800	  8.56597200	  2.85532400
1	 21.41493000	  9.99363400	  4.28298600
1	  0.00000000	 11.42129600	  2.85532400
1	  1.42766200	 12.84895800	  4.28298600
1	  2.85532400	 11.42129600	  2.85532400
1	  4.28298600	 12.84895800	  4.28298600
1	  5.71064800	 11.42129600	  2.85532400
1	  7.13831000	 12.84895800	  4.28298600
1	  8.56597200	 11.42129600	  2.85532400
1	  9.99363400	 12.84895800	  4.28298600
1	 11.42129600	 11.42129600	  2.85532400
1	 12.84895800	 12.84895800	  4.28298600
1	 14.27662000	 11.42129600	  2.85532400
1	 15.70428200	 12.84895800	  4.28298600
1	 17.13194400	 11.42129600	  2.85532400
1	 18.55960600	 12.84895800	  4.28298600
1	 19.98726800	 11.42129600	  2.85532400
1	 21.41493000	 12.84895800	  4.28298600
1	  0.00000000	 14.27662000	  2.85532400
1	  1.42766200	 15.70428200	  4.28298600
1	  2.85532400	 14.27662000	  2.85532400
1	  4.28298600	 15.70428200	  4.28298600
1	  5.71064800	 14.27662000	  2.85532400
1	  7.13831000	 15.70428200	  4.28298600
1	  8.56597200	 14.27662000	  2.85532400
1	  9.99363400	 15.70428200	  4.28298600
1	 11.42129600	 14.27662000	  2.85532400
1	 12.84895800	 15.70428200	  4.28298600
1	 14.27662000	 14.27662000	  2.85532400
1	 15.70428200	 15.70428200	  4.28298600
1	 17.13194400	 14.27662000	  2.85532400
1	 18.55960600	 15.70428200	  4.28298600
1	 19.98726800	 14.27662000	  2.85532400
1	 21.41493000	 15.70428200	  4.28298600
1	  0.00000000	 17.13194400	  2.85532400
1	  1.42766200	 18.55960600	  4.28298600
1	  2.85532400	 17.13194400	  2.85532400
1	  4.28298600	 18.55960600	  4.28298600
1	  5.71064800	 17.13194400	  2.85532400
1	  7.13831000	 18.55960600	  4.28298600
1	  8.56597200	 17.13194400	  2.85532400
1	  9.99363400	 18.55960600	  4.28298600
1	 11.42129600	 17.13194400	  2.85532400
1	 12.84895800	 18.55960600	  4.28298600
1	 14.27662000	 17.13194400	  2.85532400
1	 15.70428200	 18.55960600	  4.28298600
1	 17.13194400	 17.13194400	  2.85532400
1	 18.55960600	 18.55960600	  4.28298600
1	 19.98726800	 17.13194400	  2.85532400
1	 21.41493000	 18.55960600	  4.28298600
1	  0.00000000	 19.98726800	  2.85532400
1	  1.42766200	 21.41493000	  4.28298600
1	  2.85532400	 19.98726800	  2.85532400
1	  4.28298600	 21.41493000	  4.28298600
1	  5.71064800	 19.98726800	  2.85532400
1	  7.13831000	 21.41493000	  4.28298600
1	  8.56597200	 19.98726800	  2.85532400
1	  9.99363400	 21.41493000	  4.28298600
1	 11.42129600	 19.98726800	  2.85532400
1	 12.84895800	 21.41493000	  4.28298600
1	 14.27662000	 19.98726800	  2.85532400
1	 15.70428200	 21.41493000	  4.28298600
1	 17.13194400	 19.98726800	  2.85532400
1	 18.55960600	 21.41493000	  4.28298600
1	 19.98726800	 19.98726800	  2.85532400
1	 21.41493000	 21.41493000	  4.28298600
1	  0.00000000	  0.00000000	  5.71064800
1	  1.42766200	  1.42766200	  7.13831000
1	  2.85532400	  0.00000000	  5.71064800
1	  4.28298600	  1.42766200	  7.13831000
1	  5.71064800	  0.00000000	  5.71064800
1	  7.13831000	  1.42766200	  7.13831000
1	  8.56597200	  0.00000000	  5.71064800
1	  9.99363400	  1.42766200	  7.13831000
1	 11.42129600	  0.00000000	  5.71064800
1	 12.84895800	  1.42766200	  7.13831000
1	 14.27662000	  0.00000000	  5.71064800
1	 15.70428200	  1.42766200	  7.13831000
1	 17.13194400	  0.00000000	  5.71064800
1	 18.55960600	  1.42766200	  7.13831000
1	 19.98726800	  0.00000000	  5.71064800
1	 21.41493000	  1.42766200	  7.13831000
1	  0.00000000	  2.85532400	  5.71064800
1	  1.42766200	  4.28298600	  7.13831000
1	  2.85532400	  2.85532400	  5.71064800
1	  4.28298600	  4.28298600	  7.13831000
1	  5.71064800	  2.85532400	  5.71064800
1	  7.13831000	  4.28298600	  7.13831000
1	  8.56597200	  2.85532400	  5.71064800
1	  9.99363400	  4.28298600	  7.13831000
1	 11.42129600	  2.85532400	  5.71064800
1	 12.84895800	  4.28298600	  7.13831000
1	 14.27662000	  2.85532400	  5.71064800
1	 15.70428200	  4.28298600	  7.13831000
1	 17.13194400	  2.85532400	  5.71064800
1	 18.55960600	  4.28298600	  7.13831000
1	 19.98726800	  2.85532400	  5.71064800
1	 21.41493000	  4.28298600	  7.13831000
1	  0.00000000	  5.71064800	  5.71064800
1	  1.42766200	  7.13831000	  7.13831000
1	  2.85532400	  5.71064800	  5.71064800
1	  4.28298600	  7.13831000	  7.13831000
1	  5.71064800	  5.71064800	  5.71064800
1	  7.13831000	  7.13831000	  7.13831000
1	  8.56597200	  5.71064800	  5.71064800
1	 11.42129600	  5.71064800	  5.71064800
1	 12.84895800	  7.13831000	  7.13831000
1	 14.27662000	  5.71064800	  5.71064800
1	 15.70428200	  7.13831000	  7.13831000
1	 17.13194400	  5.71064800	  5.71064800
1	 18.55960600	  7.13831000	  7.13831000
1	 19.98726800	  5.71064800	  5.71064800
1	 21.41493000	  7.13831000	  7.13831000
1	  0.00000000	  8.56597200	  5.71064800
1	  1.42766200	  9.99363400	  7.13831000
1	  2.85532400	  8.56597200	  5.71064800
1	  4.28298600	  9.99363400	  7.13831000
1	  5.71064800	  8.56597200	  5.71064800
1	  7.13831000	  9.99363400	  7.13831000
1	  8.56597200	  8.56597200	  5.71064800
1	  9.99363400	  9.99363400	  7.13831000
1	 11.42129600	  8.56597200	  5.71064800
1	 12.84895800	  9.99363400	  7.13831000
1	 14.27662000	  8.56597200	  5.71064800
1	 15.70428200	  9.99363400	  7.13831000
1	 17.13194400	  8.56597200	  5.71064800
1	 18.55960600	  9.99363400	  7.13831000
1	 19.98726800	  8.56597200	  5.71064800
1	 21.41493000	  9.99363400	  7.13831000
1	  0.00000000	 11.42129600	  5.71064800
1	  1.42766200	 12.84895800	  7.13831000
1	  2.85532400	 11.42129600	  5.71064800
1	  4.28298600	 12.84895800	  7.13831000
1	  5.71064800	 11.42129600	  5.71064800
1	  7.13831000	 12.84895800	  7.13831000
1	  8.56597200	 11.42129600	  5.71064800
1	  9.99363400	 12.84895800	  7.13831000
1	 11.42129600	 11.42129600	  5.71064800
1	 12.84895800	 12.84895800	  7.13831000
1	 14.27662000	 11.42129600	  5.71064800
1	 15.70428200	 12.84895800	  7.13831000
1	 17.13194400	 11.42129600	  5.71064800
1	 18.55960600	 12.84895800	  7.13831000
1	 19.98726800	 11.42129600	  5.71064800
1	 21.41493000	 12.84895800	  7.13831000
1	  0.00000000	 14.27662000	  5.71064800
1	  1.42766200	 15.70428200	  7.13831000
1	  2.85532400	 14.27662000	  5.71064800
1	  4.28298600	 15.70428200	  7.13831000
1	  5.71064800	 14.27662000	  5.71064800
1	  7.13831000	 15.70428200	  7.13831000
1	  8.56597200	 14.27662000	  5.71064800
1	  9.99363400	 15.70428200	  7.13831000
1	 11.42129600	 14.27662000	  5.71064800
1	 12.84895800	 15.70428200	  7.13831000
1	 14.27662000	 14.27662000	  5.71064800
1	 15.70428200	 15.70428200	  7.13831000
1	 17.13194400	 14.27662000	  5.71064800
1	 18.55960600	 15.70428200	  7.13831000
1	 19.98726800	 14.27662000	  5.71064800
1	 21.41493000	 15.70428200	  7.13831000
1	  0.00000000	 17.13194400	  5.71064800
1	  1.42766200	 18.55960600	  7.13831000
1	  2.85532400	 17.13194400	  5.71064800
1	  4.28298600	 18.55960600	  7.13831000
1	  5.71064800	 17.13194400	  5.71064800
1	  7.13831000	 18.55960600	  7.13831000
1	  8.56597200	 17.13194400	  5.71064800
1	  9.99363400	 18.55960600	  7.13831000
1	 11.42129600	 17.13194400	  5.71064800
1	 12.84895800	 18.55960600	  7.13831000
1	 14.27662000	 17.13194400	  5.71064800
1	 15.70428200	 18.55960600	  7.13831000
1	 17.13194400	 17.13194400	  5.71064800
1	 18.55960600	 18.55960600	  7.13831000
1	 19.98726800	 17.13194400	  5.71064800
1	 21.41493000	 18.55960600	  7.13831000
1	  0.00000000	 19.98726800	  5.71064800
1	  1.42766200	 21.41493000	  7.13831000
1	  2.85532400	 19.98726800	  5.71064800
1	  4.28298600	 21.41493000	  7.13831000
1	  5.71064800	 19.98726800	  5.71064800
1	  7.13831000	 21.41493000	  7.13831000
1	  8.56597200	 19.98726800	  5.71064800
1	  9.99363400	 21.41493000	  7.13831000
1	 11.42129600	 19.98726800	  5.71064800
1	 12.84895800	 21.41493000	  7.13831000
1	 14.27662000	 19.98726800	  5.71064800
1	 15.70428200	 21.41493000	  7.13831000
1	 17.13194400	 19.98726800	  5.71064800
1	 18.55960600	 21.41493000	  7.13831000
1	 19.98726800	 19.98726800	  5.71064800
1	 21.41493000	 21.41493000	  7.13831000
1	  0.00000000	  0.00000000	  8.56597200
1	  1.42766200	  1.42766200	  9.99363400
1	  2.85532400	  0.00000000	  8.56597200
1	  4.28298600	  1.42766200	  9.99363400
1	  5.71064800	  0.00000000	  8.56597200
1	  7.13831000	  1.42766200	  9.99363400
1	  8.56597200	  0.00000000	  8.56597200
1	  9.99363400	  1.42766200	  9.99363400
1	 11.42129600	  0.00000000	  8.56597200
1	 12.84895800	  1.42766200	  9.99363400
1	 14.27662000	  0.00000000	  8.56597200
1	 15.70428200	  1.42766200	  9.99363400
1	 17.13194400	  0.00000000	  8.56597200
1	 18.55960600	  1.42766200	  9.99363400
1	 19.98726800	  0.00000000	  8.56597200
1	 21.41493000	  1.42766200	  9.99363400
1	  0.00000000	  2.85532400	  8.56597200
1	  1.42766200	  4.28298600	  9.99363400
1	  2.85532400	  2.85532400	  8.56597200
1	  4.28298600	  4.28298600	  9.99363400
1	  5.71064800	  2.85532400	  8.56597200
1	  7.13831000	  4.28298600	  9.99363400
1	  8.56597200	  2.85532400	  8.56597200
1	  9.99363400	  4.28298600	  9.99363400
1	 11.42129600	  2.85532400	  8.56597200
1	 12.84895800	  4.28298600	  9.99363400
1	 14.27662000	  2.85532400	  8.56597200
1	 15.70428200	  4.28298600	  9.99363400
1	 17.13194400	  2.85532400	  8.56597200
1	 18.55960600	  4.28298600	  9.99363400
1	 19.98726800	  2.85532400	  8.56597200
1	 21.41493000	  4.28298600	  9.99363400
1	  0.00000000	  5.71064800	  8.56597200
1	  1.42766200	  7.13831000	  9.99363400
1	  2.85532400	  5.71064800	  8.56597200
1	  4.28298600	  7.13831000	  9.99363400
1	  5.71064800	  5.71064800	  8.56597200
1	  7.13831000	  7.13831000	  9.99363400
1	  8.56597200	  5.71064800	  8.56597200
1	  9.99363400	  7.13831000	  9.99363400
1	 12.84895800	  7.13831000	  9.99363400
1	 14.27662000	  5.71064800	  8.56597200
1	 15.70428200	  7.13831000	  9.99363400
1	 17.13194400	  5.71064800	  8.56597200
1	 18.55960600	  7.13831000	  9.99363400
1	 19.98726800	  5.71064800	  8.56597200
1	 21.41493000	  7.13831000	  9.99363400
1	  0.00000000	  8.56597200	  8.56597200
1	  1.42766200	  9.99363400	  9.99363400
1	  2.85532400	  8.56597200	  8.56597200
1	  4.28298600	  9.99363400	  9.99363400
1	  5.71064800	  8.56597200	  8.56597200
1	  7.13831000	  9.99363400	  9.99363400
1	  8.56597200	  8.56597200	  8.56597200
1	  9.99363400	  9.99363400	  9.99363400
1	 11.42129600	  8.56597200	  8.56597200
1	 12.84895800	  9.99363400	  9.99363400
1	 14.27662000	  8.56597200	  8.56597200
1	 15.70428200	  9.99363400	  9.99363400
1	 17.13194400	  8.56597200	  8.56597200
1	 18.55960600	  9.99363400	  9.99363400
1	 19.98726800	  8.56597200	  8.56597200
1	 21.41493000	  9.99363400	  9.99363400
1	  0.00000000	 11.42129600	  8.56597200
1	  1.42766200	 12.84895800	  9.99363400
1	  2.85532400	 11.42129600	  8.56597200
1	  4.28298600	 12.84895800	  9.99363400
1	  5.71064800	 11.42129600	  8.56597200
1	  7.13831000	 12.84895800	  9.99363400
1	  8.56597200	 11.42129600	  8.56597200
1	  9.99363400	 12.84895800	  9.99363400
1	 11.42129600	 11.42129600	  8.56597200
1	 12.84895800	 12.84895800	  9.99363400
1	 14.27662000	 11.42129600	  8.56597200
1	 15.70428200	 12.84895800	  9.99363400
1	 17.13194400	 11.42129600	  8.56597200
1	 18.55960600	 12.84895800	  9.99363400
1	 19.98726800	 11.42129600	  8.56597200
1	 21.41493000	 12.84895800	  9.99363400
1	  0.00000000	 14.27662000	  8.56597200
1	  1.42766200	 15.70428200	  9.99363400
1	  2.85532400	 14.27662000	  8.56597200
1	  4.28298600	 15.70428200	  9.99363400
1	  5.71064800	 14.27662000	  8.56597200
1	  7.13831000	 15.70428200	  9.99363400
1	  8.56597200	 14.27662000	  8.56597200
1	  9.99363400	 15.70428200	  9.99363400
1	 11.42129600	 14.27662000	  8.56597200
1	 12.84895800	 15.70428200	  9.99363400
1	 14.27662000	 14.27662000	  8.56597200
1	 15.70428200	 15.70428200	  9.99363400
1	 17.13194400	 14.27662000	  8.56597200
1	 18.55960600	 15.70428200	  9.99363400
1	 19.98726800	 14.27662000	  8.56597200
1	 21.41493000	 15.70428200	  9.99363400
1	  0.00000000	 17.13194400	  8.56597200
1	  1.42766200	 18.55960600	  9.99363400
1	  2.85532400	 17.13194400	  8.56597200
1	  4.28298600	 18.55960600	  9.99363400
1	  5.71064800	 17.13194400	  8.56597200
1	  7.13831000	 18.55960600	  9.99363400
1	  8.56597200	 17.13194400	  8.56597200
1	  9.99363400	 18.55960600	  9.99363400
1	 11.42129600	 17.13194400	  8.56597200
1	 12.84895800	 18.55960600	  9.99363400
1	 14.27662000	 17.13194400	  8.56597200
1	 15.70428200	 18.55960600	  9.99363400
1	 17.13194400	 17.13194400	  8.56597200
1	 18.55960600	 18.55960600	  9.99363400
1	 19.98726800	 17.13194400	  8.56597200
1	 21.41493000	 18.55960600	  9.99363400
1	  0.00000000	 19.98726800	  8.56597200
1	  1.42766200	 21.41493000	  9.99363400
1	  2.85532400	 19.98726800	  8.56597200
1	  4.28298600	 21.41493000	  9.99363400
1	  5.71064800	 19.98726800	  8.56597200
1	  7.13831000	 21.41493000	  9.99363400
1	  8.56597200	 19.98726800	  8.56597200
1	  9.99363400	 21.41493000	  9.99363400
1	 11.42129600	 19.98726800	  8.56597200
1	 12.84895800	 21.41493000	  9.99363400
1	 14.27662000	 19.98726800	  8.56597200
1	 15.70428200	 21.41493000	  9.99363400
1	 17.13194400	 19.98726800	  8.56597200
1	 18.55960600	 21.41493000	  9.99363400
1	 19.98726800	 19.98726800	  8.56597200
1	 21.41493000	 21.41493000	  9.99363400
1	  0.00000000	  0.00000000	 11.42129600
1	  1.42766200	  1.42766200	 12.84895800
1	  2.85532400	  0.00000000	 11.42129600
1	  4.28298600	  1.42766200	 12.84895800
1	  5.71064800	  0.00000000	 11.42129600
1	  7.13831000	  1.42766200	 12.84895800
1	  8.56597200	  0.00000000	 11.42129600
1	  9.99363400	  1.42766200	 12.84895800
1	 11.42129600	  0.00000000	 11.42129600
1	 12.84895800	  1.42766200	 12.84895800
1	 14.27662000	  0.00000000	 11.42129600
1	 15.70428200	  1.42766200	 12.84895800
1	 17.13194400	  0.00000000	 11.42129600
1	 18.55960600	  1.42766200	 12.84895800
1	 19.98726800	  0.00000000	 11.42129600
1	 21.41493000	  1.42766200	 12.84895800
1	  0.00000000	  2.85532400	 11.42129600
1	  1.42766200	  4.28298600	 12.84895800
1	  2.85532400	  2.85532400	 11.42129600
1	  4.28298600	  4.28298600	 12.84895800
1	  5.71064800	  2.85532400	 11.42129600
1	  7.13831000	  4.28298600	 12.84895800
1	  8.56597200	  2.85532400	 11.42129600
1	  9.99363400	  4.28298600	 12.84895800
1	 11.42129600	  2.85532400	 11.42129600
1	 12.84895800	  4.28298600	 12.84895800
1	 14.27662000	  2.85532400	 11.42129600
1	 15.70428200	  4.28298600	 12.84895800
1	 17.13194400	  2.85532400	 11.42129600
1	 18.55960600	  4.28298600	 12.84895800
1	 19.98726800	  2.85532400	 11.42129600
1	 21.41493000	  4.28298600	 12.84895800
1	  0.00000000	  5.71064800	 11.42129600
1	  1.42766200	  7.13831000	 12.84895800
1	  2.85532400	  5.71064800	 11.42129600
1	  4.28298600	  7.13831000	 12.84895800
1	  5.71064800	  5.71064800	 11.42129600
1	  7.13831000	  7.13831000	 12.84895800
1	  8.56597200	  5.71064800	 11.42129600
1	  9.99363400	  7.13831000	 12.84895800
1	 11.42129600	  5.71064800	 11.42129600
1	 12.84895800	  7.13831000	 12.84895800
1	 14.27662000	  5.71064800	 11.42129600
1	 15.70428200	  7.13831000	 12.84895800
1	 17.13194400	  5.71064800	 11.42129600
1	 18.55960600	  7.13831000	 12.84895800
1	 19.98726800	  5.71064800	 11.42129600
1	 21.41493000	  7.13831000	 12.84895800
1	  0.00000000	  8.56597200	 11.42129600
1	  1.42766200	  9.99363400	 12.84895800
1	  2.85532400	  8.56597200	 11.42129600
1	  4.28298600	  9.99363400	 12.84895800
1	  5.71064800	  8.56597200	 11.42129600
1	  7.13831000	  9.99363400	 12.84895800
1	  8.56597200	  8.56597200	 11.42129600
1	  9.99363400	  9.99363400	 12.84895800
1	 11.42129600	  8.56597200	 11.42129600
1	 12.84895800	  9.99363400	 12.84895800
1	 14.27662000	  8.56597200	 11.42129600
1	 15.70428200	  9.99363400	 12.84895800
1	 17.13194400	  8.56597200	 11.42129600
1	 18.55960600	  9.99363400	 12.84895800
1	 19.98726800	  8.56597200	 11.42129600
1	 21.41493000	  9.99363400	 12.84895800
1	  0.00000000	 11.42129600	 11.42129600
1	  1.42766200	 12.84895800	 12.84895800
1	  2.85532400	 11.42129600	 11.42129600
1	  4.28298600	 12.84895800	 12.84895800
1	  5.71064800	 11.42129600	 11.42129600
1	  7.13831000	 12.84895800	 12.84895800
1	  8.56597200	 11.42129600	 11.42129600
1	  9.99363400	 12.84895800	 12.84895800
1	 11.42129600	 11.42129600	 11.42129600
1	 12.84895800	 12.84895800	 12.84895800
1	 14.27662000	 11.42129600	 11.42129600
1	 15.70428200	 12.84895800	 12.84895800
1	 17.13194400	 11.42129600	 11.42129600
1	 18.55960600	 12.84895800	 12.84895800
1	 19.98726800	 11.42129600	 11.42129600
1	 21.41493000	 12.84895800	 12.84895800
1	  0.00000000	 14.27662000	 11.42129600
1	  1.42766200	 15.70428200	 12.84895800
1	  2.85532400	 14.27662000	 11.42129600
1	  4.28298600	 15.70428200	 12.84895800
1	  5.71064800	 14.27662000	 11.42129600
1	  7.13831000	 15.70428200	 12.84895800
1	  8.56597200	 14.27662000	 11.42129600
1	  9.99363400	 15.70428200	 12.84895800
1	 11.42129600	 14.27662000	 11.42129600
1	 12.84895800	 15.70428200	 12.84895800
1	 14.27662000	 14.27662000	 11.42129600
1	 15.70428200	 15.70428200	 12.84895800
1	 17.13194400	 14.27662000	 11.42129600
1	 18.55960600	 15.70428200	 12.84895800
1	 19.98726800	 14.27662000	 11.42129600
1	 21.41493000	 15.70428200	 12.84895800
1	  0.00000000	 17.13194400	 11.42129600
1	  1.42766200	 18.55960600	 12.84895800
1	  2.85532400	 17.13194400	 11.42129600
1	  4.28298600	 18.55960600	 12.84895800
1	  5.71064800	 17.13194400	 11.42129600
1	  7.13831000	 18.55960600	 12.84895800
1	  8.56597200	 17.13194400	 11.42129600
1	  9.99363400	 18.55960600	 12.84895800
1	 11.42129600	 17.13194400	 11.42129600
1	 12.84895800	 18.55960600	 12.84895800
1	 14.27662000	 17.13194400	 11.42129600
1	 15.70428200	 18.55960600	 12.84895800
1	 17.13194400	 17.13194400	 11.42129600
1	 18.55960600	 18.55960600	 12.84895800
1	 19.98726800	 17.13194400	 11.42129600
1	 21.41493000	 18.55960600	 12.84895800
1	  0.00000000	 19.98726800	 11.42129600
1	  1.42766200	 21.41493000	 12.84895800
1	  2.85532400	 19.98726800	 11.42129600
1	  4.28298600	 21.41493000	 12.84895800
1	  5.71064800	 19.98726800	 11.42129600
1	  7.13831000	 21.41493000	 12.84895800
1	  8.56597200	 19.98726800	 11.42129600
1	  9.99363400	 21.41493000	 12.84895800
1	 11.42129600	 19.98726800	 11.42129600
1	 12.84895800	 21.41493000	 12.84895800
1	 14.27662000	 19.98726800	 11.42129600
1	 15.70428200	 21.41493000	 12.84895800
1	 17.13194400	 19.98726800	 11.42129600
1	 18.55960600	 21.41493000	 12.84895800
1	 19.98726800	 19.98726800	 11.42129600
1	 21.41493000	 21.41493000	 12.84895800
1	  0.00000000	  0.00000000	 14.27662000
1	  1.42766200	  1.42766200	 15.70428200
1	  2.85532400	  0.00000000	 14.27662000
1	  4.28298600	  1.42766200	 15.70428200
1	  5.71064800	  0.00000000	 14.27662000
1	  7.13831000	  1.42766200	 15.70428200
1	  8.56597200	  0.00000000	 14.27662000
1	  9.99363400	  1.42766200	 15.70428200
1	 11.42129600	  0.00000000	 14.27662000
1	 12.84895800	  1.42766200	 15.70428200
1	 14.27662000	  0.00000000	 14.27662000
1	 15.70428200	  1.42766200	 15.70428200
1	 17.13194400	  0.00000000	 14.27662000
1	 18.55960600	  1.42766200	 15.70428200
1	 19.98726800	  0.00000000	 14.27662000
1	 21.41493000	  1.42766200	 15.70428200
1	  0.00000000	  2.85532400	 14.27662000
1	  1.42766200	  4.28298600	 15.70428200
1	  2.85532400	  2.85532400	 14.27662000
1	  4.28298600	  4.28298600	 15.70428200
1	  5.71064800	  2.85532400	 14.27662000
1	  7.13831000	  4.28298600	 15.70428200
1	  8.56597200	  2.85532400	 14.27662000
1	  9.99363400	  4.28298600	 15.70428200
1	 11.42129600	  2.85532400	 14.27662000
1	 12.84895800	  4.28298600	 15.70428200
1	 14.27662000	  2.85532400	 14.27662000
1	 15.70428200	  4.28298600	 15.70428200
1	 17.13194400	  2.85532400	 14.27662000
1	 18.55960600	  4.28298600	 15.70428200
1	 19.98726800	  2.85532400	 14.27662000
1	 21.41493000	  4.28298600	 15.70428200
1	  0.00000000	  5.71064800	 14.27662000
1	  1.42766200	  7.13831000	 15.70428200
1	  2.85532400	  5.71064800	 14.27662000
1	  4.28298600	  7.13831000	 15.70428200
1	  5.71064800	  5.71064800	 14.27662000
1	  7.13831000	  7.13831000	 15.70428200
1	  8.56597200	  5.71064800	 14.27662000
1	  9.99363400	  7.13831000	 15.70428200
1	 11.42129600	  5.71064800	 14.27662000
1	 12.84895800	  7.13831000	 15.70428200
1	 14.27662000	  5.71064800	 14.27662000
1	 15.70428200	  7.13831000	 15.70428200
1	 17.13194400	  5.71064800	 14.27662000
1	 18.55960600	  7.13831000	 15.70428200
1	 19.98726800	  5.71064800	 14.27662000
1	 21.41493000	  7.13831000	 15.70428200
1	  0.00000000	  8.56597200	 14.27662000
1	  1.42766200	  9.99363400	 15.70428200
1	  2.85532400	  8.56597200	 14.27662000
1	  4.28298600	  9.99363400	 15.70428200
1	  5.71064800	  8.56597200	 14.27662000
1	  7.13831000	  9.99363400	 15.70428200
1	  8.56597200	  8.56597200	 14.27662000
1	  9.99363400	  9.99363400	 15.70428200
1	 11.42129600	  8.56597200	 14.27662000
1	 12.84895800	  9.99363400	 15.70428200
1	 14.27662000	  8.56597200	 14.27662000
1	 15.70428200	  9.99363400	 15.70428200
1	 17.13194400	  8.56597200	 14.27662000
1	 18.55960600	  9.99363400	 15.70428200
1	 19.98726800	  8.56597200	 14.27662000
1	 21.41493000	  9.99363400	 15.70428200
1	  0.00000000	 11.42129600	 14.27662000
1	  1.42766200	 12.84895800	 15.70428200
1	  2.85532400	 11.42129600	 14.27662000
1	  4.28298600	 12.84895800	 15.70428200
1	  5.71064800	 11.42129600	 14.27662000
1	  7.13831000	 12.84895800	 15.70428200
1	  8.56597200	 11.42129600	 14.27662000
1	  9.99363400	 12.84895800	 15.70428200
1	 11.42129600	 11.42129600	 14.27662000
1	 12.84895800	 12.84895800	 15.70428200
1	 14.27662000	 11.42129600	 14.27662000
1	 15.70428200	 12.84895800	 15.70428200
1	 17.13194400	 11.42129600	 14.27662000
1	 18.55960600	 12.84895800	 15.70428200
1	 19.98726800	 11.42129600	 14.27662000
1	 21.41493000	 12.84895800	 15.70428200
1	  0.00000000	 14.27662000	 14.27662000
1	  1.42766200	 15.70428200	 15.70428200
1	  2.85532400	 14.27662000	 14.27662000
1	  4.28298600	 15.70428200	 15.70428200
1	  5.71064800	 14.27662000	 14.27662000
1	  7.13831000	 15.70428200	 15.70428200
1	  8.56597200	 14.27662000	 14.27662000
1	  9.99363400	 15.70428200	 15.70428200
1	 11.42129600	 14.27662000	 14.27662000
1	 12.84895800	 15.70428200	 15.70428200
1	 14.27662000	 14.27662000	 14.27662000
1	 15.70428200	 15.70428200	 15.70428200
1	 17.13194400	 14.27662000	 14.27662000
1	 18.55960600	 15.70428200	 15.70428200
1	 19.98726800	 14.27662000	 14.27662000
1	 21.41493000	 15.70428200	 15.70428200
1	  0.00000000	 17.13194400	 14.27662000
1	  1.42766200	 18.55960600	 15.70428200
1	  2.85532400	 17.13194400	 14.27662000
1	  4.28298600	 18.55960600	 15.70428200
1	  5.71064800	 17.13194400	 14.27662000
1	  7.13831000	 18.55960600	 15.70428200
1	  8.56597200	 17.13194400	 14.27662000
1	  9.99363400	 18.55960600	 15.70428200
1	 11.42129600	 17.13194400	 14.27662000
1	 12.84895800	 18.55960600	 15.70428200
1	 14.27662000	 17.13194400	 14.27662000
1	 15.70428200	 18.55960600	 15.70428200
1	 17.13194400	 17.13194400	 14.27662000
1	 18.55960600	 18.55960600	 15.70428200
1	 19.98726800	 17.13194400	 14.27662000
1	 21.41493000	 18.55960600	 15.70428200
1	  0.00000000	 19.98726800	 14.27662000
1	  1.42766200	 21.41493000	 15.70428200
1	  2.85532400	 19.98726800	 14.27662000
1	  4.28298600	 21.41493000	 15.70428200
1	  5.71064800	 19.98726800	 14.27662000
1	  7.13831000	 21.41493000	 15.70428200
1	  8.56597200	 19.98726800	 14.27662000
1	  9.99363400	 21.41493000	 15.70428200
1	 11.42129600	 19.98726800	 14.27662000
1	 12.84895800	 21.41493000	 15.70428200
1	 14.27662000	 19.98726800	 14.27662000
1	 15.70428200	 21.41493000	 15.70428200
1	 17.13194400	 19.98726800	 14.27662000
1	 18.55960600	 21.41493000	 15.70428200
1	 19.98726800	 19.98726800	 14.27662000
1	 21.41493000	 21.41493000	 15.70428200
1	  0.00000000	  0.00000000	 17.13194400
1	  1.42766200	  1.42766200	 18.55960600
1	  2.85532400	  0.00000000	 17.13194400
1	  4.28298600	  1.42766200	 18.55960600
1	  5.71064800	  0.00000000	 17.13194400
1	  7.13831000	  1.42766200	 18.55960600
1	  8.56597200	  0.00000000	 17.13194400
1	  9.99363400	  1.42766200	 18.55960600
1	 11.42129600	  0.00000000	 17.13194400
1	 12.84895800	  1.42766200	 18.55960600
1	 14.27662000	  0.00000000	 17.13194400
1	 15.70428200	  1.42766200	 18.55960600
1	 17.13194400	  0.00000000	 17.13194400
1	 18.55960600	  1.42766200	 18.55960600
1	 19.98726800	  0.00000000	 17.13194400
1	 21.41493000	  1.42766200	 18.55960600
1	  0.00000000	  2.85532400	 17.13194400
1	  1.42766200	  4.28298600	 18.55960600
1	  2.85532400	  2.85532400	 17.13194400
1	  4.28298600	  4.28298600	 18.55960600
1	  5.71064800	  2.85532400	 17.13194400
1	  7.13831000	  4.28298600	 18.55960600
1	  8.56597200	  2.85532400	 17.13194400
1	  9.99363400	  4.28298600	 18.55960600
1	 11.42129600	  2.85532400	 17.13194400
1	 12.84895800	  4.28298600	 18.55960600
1	 14.27662000	  2.85532400	 17.13194400
1	 15.70428200	  4.28298600	 18.55960600
1	 17.13194400	  2.85532400	 17.13194400
1	 18.55960600	  4.28298600	 18.55960600
1	 19.98726800	  2.85532400	 17.13194400
1	 21.41493000	  4.28298600	 18.55960600
1	  0.00000000	  5.71064800	 17.13194400
1	  1.42766200	  7.13831000	 18.55960600
1	  2.85532400	  5.71064800	 17.13194400
1	  4.28298600	  7.13831000	 18.55960600
1	  5.71064800	  5.71064800	 17.13194400
1	  7.13831000	  7.13831000	 18.55960600
1	  8.56597200	  5.71064800	 17.13194400
1	  9.99363400	  7.13831000	 18.55960600
1	 11.42129600	  5.71064800	 17.13194400
1	 12.84895800	  7.13831000	 18.55960600
1	 14.27662000	  5.71064800	 17.13194400
1	 15.70428200	  7.13831000	 18.55960600
1	 17.13194400	  5.71064800	 17.13194400
1	 18.55960600	  7.13831000	 18.55960600
1	 19.98726800	  5.71064800	 17.13194400
1	 21.41493000	  7.13831000	 18.55960600
1	  0.00000000	  8.56597200	 17.13194400
1	  1.42766200	  9.99363400	 18.55960600
1	  2.85532400	  8.56597200	 17.13194400
1	  4.28298600	  9.99363400	 18.55960600
1	  5.71064800	  8.56597200	 17.13194400
1	  7.13831000	  9.99363400	 18.55960600
1	  8.56597200	  8.56597200	 17.13194400
1	  9.99363400	  9.99363400	 18.55960600
1	 11.42129600	  8.56597200	 17.13194400
1	 12.84895800	  9.99363400	 18.55960600
1	 14.27662000	  8.56597200	 17.13194400
1	 15.70428200	  9.99363400	 18.55960600
1	 17.13194400	  8.56597200	 17.13194400
1	 18.55960600	  9.99363400	 18.55960600
1	 19.98726800	  8.56597200	 17.13194400
1	 21.41493000	  9.99363400	 18.55960600
1	  0.00000000	 11.42129600	 17.13194400
1	  1.42766200	 12.84895800	 18.55960600
1	  2.85532400	 11.42129600	 17.13194400
1	  4.28298600	 12.84895800	 18.55960600
1	  5.71064800	 11.42129600	 17.13194400
1	  7.13831000	 12.84895800	 18.55960600
1	  8.56597200	 11.42129600	 17.13194400
1	  9.99363400	 12.84895800	 18.55960600
1	 11.42129600	 11.42129600	 17.13194400
1	 12.84895800	 12.84895800	 18.55960600
1	 14.27662000	 11.42129600	 17.13194400
1	 15.70428200	 12.84895800	 18.55960600
1	 17.13194400	 11.42129600	 17.13194400
1	 18.55960600	 12.84895800	 18.55960600
1	 19.98726800	 11.42129600	 17.13194400
1	 21.41493000	 12.84895800	 18.55960600
1	  0.00000000	 14.27662000	 17.13194400
1	  1.42766200	 15.70428200	 18.55960600
1	  2.85532400	 14.27662000	 17.13194400
1	  4.28298600	 15.70428200	 18.55960600
1	  5.71064800	 14.27662000	 17.13194400
1	  7.13831000	 15.70428200	 18.55960600
1	  8.56597200	 14.27662000	 17.13194400
1	  9.99363400	 15.70428200	 18.55960600
1	 11.42129600	 14.27662000	 17.13194400
1	 12.84895800	 15.70428200	 18.55960600
1	 14.27662000	 14.27662000	 17.13194400
1	 15.70428200	 15.70428200	 18.55960600
1	 17.13194400	 14.27662000	 17.13194400
1	 18.55960600	 15.70428200	 18.55960600
1	 19.98726800	 14.27662000	 17.13194400
1	 21.41493000	 15.70428200	 18.55960600
1	  0.00000000	 17.13194400	 17.13194400
1	  1.42766200	 18.55960600	 18.55960600
1	  2.85532400	 17.13194400	 17.13194400
1	  4.28298600	 18.55960600	 18.55960600
1	  5.71064800	 17.13194400	 17.13194400
1	  7.13831000	 18.55960600	 18.55960600
1	  8.56597200	 17.13194400	 17.13194400
1	  9.99363400	 18.55960600	 18.55960600
1	 11.42129600	 17.13194400	 17.13194400
1	 12.84895800	 18.55960600	 18.55960600
1	 14.27662000	 17.13194400	 17.13194400
1	 15.70428200	 18.55960600	 18.55960600
1	 17.13194400	 17.13194400	 17.13194400
1	 18.55960600	 18.55960600	 18.55960600
1	 19.98726800	 17.13194400	 17.13194400
1	 21.41493000	 18.55960600	 18.55960600
1	  0.00000000	 19.98726800	 17.13194400
1	  1.42766200	 21.41493000	 18.55960600
1	  2.85532400	 19.98726800	 17.13194400
1	  4.28298600	 21.41493000	 18.55960600
1	  5.71064800	 19.98726800	 17.13194400
1	  7.13831000	 21.41493000	 18.55960600
1	  8.56597200	 19.98726800	 17.13194400
1	  9.99363400	 21.41493000	 18.55960600
1	 11.42129600	 19.98726800	 17.13194400
1	 12.84895800	 21.41493000	 18.55960600
1	 14.27662000	 19.98726800	 17.13194400
1	 15.70428200	 21.41493000	 18.55960600
1	 17.13194400	 19.98726800	 17.13194400
1	 18.55960600	 21.41493000	 18.55960600
1	 19.98726800	 19.98726800	 17.13194400
1	 21.41493000	 21.41493000	 18.55960600
1	  0.00000000	  0.00000000	 19.98726800
1	  1.42766200	  1.42766200	 21.41493000
1	  2.85532400	  0.00000000	 19.98726800
1	  4.28298600	  1.42766200	 21.41493000
1	  5.71064800	  0.00000000	 19.98726800
1	  7.13831000	  1.42766200	 21.41493000
1	  8.56597200	  0.00000000	 19.98726800
1	  9.99363400	  1.42766200	 21.41493000
1	 11.42129600	  0.00000000	 19.98726800
1	 12.84895800	  1.42766200	 21.41493000
1	 14.27662000	  0.00000000	 19.98726800
1	 15.70428200	  1.42766200	 21.41493000
1	 17.13194400	  0.00000000	 19.98726800
1	 18.55960600	  1.42766200	 21.41493000
1	 19.98726800	  0.00000000	 19.98726800
1	 21.41493000	  1.42766200	 21.41493000
1	  0.00000000	  2.85532400	 19.98726800
1	  1.42766200	  4.28298600	 21.41493000
1	  2.85532400	  2.85532400	 19.98726800
1	  4.28298600	  4.28298600	 21.41493000
1	  5.71064800	  2.85532400	 19.98726800
1	  7.13831000	  4.28298600	 21.41493000
1	  8.56597200	  2.85532400	 19.98726800
1	  9.99363400	  4.28298600	 21.41493000
1	 11.42129600	  2.85532400	 19.98726800
1	 12.84895800	  4.28298600	 21.41493000
1	 14.27662000	  2.85532400	 19.98726800
1	 15.70428200	  4.28298600	 21.41493000
1	 17.13194400	  2.85532400	 19.98726800
1	 18.55960600	  4.28298600	 21.41493000
1	 19.98726800	  2.85532400	 19.98726800
1	 21.41493000	  4.28298600	 21.41493000
1	  0.00000000	  5.71064800	 19.98726800
1	  1.42766200	  7.13831000	 21.41493000
1	  2.85532400	  5.71064800	 19.98726800
1	  4.28298600	  7.13831000	 21.41493000
1	  5.71064800	  5.71064800	 19.98726800
1	  7.13831000	  7.13831000	 21.41493000
1	  8.56597200	  5.71064800	 19.98726800
1	  9.99363400	  7.13831000	 21.41493000
1	 11.42129600	  5.71064800	 19.98726800
1	 12.84895800	  7.13831000	 21.41493000
1	 14.27662000	  5.71064800	 19.98726800
1	 15.70428200	  7.13831000	 21.41493000
1	 17.13194400	  5.71064800	 19.98726800
1	 18.55960600	  7.13831000	 21.41493000
1	 19.98726800	  5.71064800	 19.98726800
1	 21.41493000	  7.13831000	 21.41493000
1	  0.00000000	  8.56597200	 19.98726800
1	  1.42766200	  9.99363400	 21.41493000
1	  2.85532400	  8.56597200	 19.98726800
1	  4.28298600	  9.99363400	 21.41493000
1	  5.71064800	  8.56597200	 19.98726800
1	  7.13831000	  9.99363400	 21.41493000
1	  8.56597200	  8.56597200	 19.98726800
1	  9.99363400	  9.99363400	 21.41493000
1	 11.42129600	  8.56597200	 19.98726800
1	 12.84895800	  9.99363400	 21.41493000
1	 14.27662000	  8.56597200	 19.98726800
1	 15.70428200	  9.99363400	 21.41493000
1	 17.13194400	  8.56597200	 19.98726800
1	 18.55960600	  9.99363400	 21.41493000
1	 19.98726800	  8.56597200	 19.98726800
1	 21.41493000	  9.99363400	 21.41493000
1	  0.00000000	 11.42129600	 19.98726800
1	  1.42766200	 12.84895800	 21.41493000
1	  2.85532400	 11.42129600	 19.98726800
1	  4.28298600	 12.84895800	 21.41493000
1	  5.71064800	 11.42129600	 19.98726800
1	  7.13831000	 12.84895800	 21.41493000
1	  8.56597200	 11.42129600	 19.98726800
1	  9.99363400	 12.84895800	 21.41493000
1	 11.42129600	 11.42129600	 19.98726800
1	 12.84895800	 12.84895800	 21.41493000
1	 14.27662000	 11.42129600	 19.98726800
1	 15.70428200	 12.84895800	 21.41493000
1	 17.13194400	 11.42129600	 19.98726800
1	 18.55960600	 12.84895800	 21.41493000
1	 19.98726800	 11.42129600	 19.98726800
1	 21.41493000	 12.84895800	 21.41493000
1	  0.00000000	 14.27662000	 19.98726800
1	  1.42766200	 15.70428200	 21.41493000
1	  2.85532400	 14.27662000	 19.98726800
1	  4.28298600	 15.70428200	 21.41493000
1	  5.71064800	 14.27662000	 19.98726800
1	  7.13831000	 15.70428200	 21.41493000
1	  8.56597200	 14.27662000	 19.98726800
1	  9.99363400	 15.70428200	 21.41493000
1	 11.42129600	 14.27662000	 19.98726800
1	 12.84895800	 15.70428200	 21.41493000
1	 14.27662000	 14.27662000	 19.98726800
1	 15.70428200	 15.70428200	 21.41493000
1	 17.13194400	 14.27662000	 19.98726800
1	 18.55960600	 15.70428200	 21.41493000
1	 19.98726800	 14.27662000	 19.98726800
1	 21.41493000	 15.70428200	 21.41493000
1	  0.00000000	 17.13194400	 19.98726800
1	  1.42766200	 18.55960600	 21.41493000
1	  2.85532400	 17.13194400	 19.98726800
1	  4.28298600	 18.55960600	 21.41493000
1	  5.71064800	 17.13194400	 19.98726800
1	  7.13831000	 18.55960600	 21.41493000
1	  8.56597200	 17.13194400	 19.98726800
1	  9.99363400	 18.55960600	 21.41493000
1	 11.42129600	 17.13194400	 19.98726800
1	 12.84895800	 18.55960600	 21.41493000
1	 14.27662000	 17.13194400	 19.98726800
1	 15.70428200	 18.55960600	 21.41493000
1	 17.13194400	 17.13194400	 19.98726800
1	 18.55960600	 18.55960600	 21.41493000
1	 19.98726800	 17.13194400	 19.98726800
1	 21.41493000	 18.55960600	 21.41493000
1	  0.00000000	 19.98726800	 19.98726800
1	  1.42766200	 21.41493000	 21.41493000
1	  2.85532400	 19.98726800	 19.98726800
1	  4.28298600	 21.41493000	 21.41493000
1	  5.71064800	 19.98726800	 19.98726800
1	  7.13831000	 21.41493000	 21.41493000
1	  8.56597200	 19.98726800	 19.98726800
1	  9.99363400	 21.41493000	 21.41493000
1	 11.42129600	 19.98726800	 19.98726800
1	 12.84895800	 21.41493000	 21.41493000
1	 14.27662000	 19.98726800	 19.98726800
1	 15.70428200	 21.41493000	 21.41493000
1	 17.13194400	 19.98726800	 19.98726800
1	 18.55960600	 21.41493000	 21.41493000
1	 19.98726800	 19.98726800	 19.98726800
1	 21.41493000	 21.41493000	 21.41493000
